#
#Theoretical Design Spectrum of Advanced Thin Films MI1050-SBB Mirror
#Data format  Wavelength (nm) tab Reflection (0 to 1)
300.0	0.2564
300.2	0.25716
300.4	0.25792
300.6	0.25869
300.8	0.25945
301.0	0.26021
301.2	0.23048
301.4	0.20074
301.6	0.171
301.8	0.14127
302.0	0.11153
302.2	0.17924
302.4	0.24694
302.6	0.31465
302.8	0.38235
303.0	0.45005
303.2	0.40666
303.4	0.36327
303.6	0.31988
303.8	0.27649
304.0	0.2331
304.2	0.26358
304.4	0.29406
304.6	0.32454
304.8	0.35502
305.0	0.38549
305.2	0.42683
305.4	0.46817
305.6	0.5095
305.8	0.55084
306.0	0.59218
306.2	0.50161
306.4	0.41104
306.6	0.32047
306.8	0.2299
307.0	0.13933
307.2	0.24376
307.4	0.34818
307.6	0.4526
307.8	0.55702
308.0	0.66145
308.2	0.64795
308.4	0.63444
308.6	0.62094
308.8	0.60744
309.0	0.59394
309.2	0.55754
309.4	0.52115
309.6	0.48475
309.8	0.44835
310.0	0.41196
310.2	0.48659
310.4	0.56123
310.6	0.63587
310.8	0.71051
311.0	0.78514
311.2	0.66373
311.4	0.54231
311.6	0.42089
311.8	0.29948
312.0	0.17806
312.2	0.30323
312.4	0.42839
312.6	0.55356
312.8	0.67873
313.0	0.80389
313.2	0.79823
313.4	0.79257
313.6	0.78691
313.8	0.78124
314.0	0.77558
314.2	0.76232
314.4	0.74907
314.6	0.73582
314.8	0.72256
315.0	0.70931
315.2	0.74959
315.4	0.78986
315.6	0.83014
315.8	0.87042
316.0	0.91069
316.2	0.79045
316.4	0.67021
316.6	0.54997
316.8	0.42973
317.0	0.30949
317.2	0.4359
317.4	0.56232
317.6	0.68874
317.8	0.81516
318.0	0.94158
318.2	0.92744
318.4	0.91331
318.6	0.89917
318.8	0.88503
319.0	0.87089
319.2	0.87804
319.4	0.88519
319.6	0.89235
319.8	0.8995
320.0	0.90665
320.2	0.91861
320.4	0.93057
320.6	0.94253
320.8	0.95449
321.0	0.96645
321.2	0.93641
321.4	0.90637
321.6	0.87633
321.8	0.84629
322.0	0.81625
322.2	0.84951
322.4	0.88277
322.6	0.91602
322.8	0.94928
323.0	0.98254
323.2	0.95964
323.4	0.93675
323.6	0.91385
323.8	0.89096
324.0	0.86806
324.2	0.89254
324.4	0.91701
324.6	0.94148
324.8	0.96595
325.0	0.99042
325.2	0.98767
325.4	0.98491
325.6	0.98216
325.8	0.9794
326.0	0.97665
326.2	0.9791
326.4	0.98155
326.6	0.984
326.8	0.98646
327.0	0.98891
327.2	0.99015
327.4	0.99138
327.6	0.99262
327.8	0.99385
328.0	0.99509
328.2	0.99426
328.4	0.99343
328.6	0.99261
328.8	0.99178
329.0	0.99095
329.2	0.99228
329.4	0.99361
329.6	0.99494
329.8	0.99627
330.0	0.99759
330.2	0.97533
330.4	0.95307
330.6	0.93081
330.8	0.90855
331.0	0.88629
331.2	0.90882
331.4	0.93136
331.6	0.95389
331.8	0.97642
332.0	0.99895
332.2	0.89786
332.4	0.79677
332.6	0.69568
332.8	0.59459
333.0	0.4935
333.2	0.59467
333.4	0.69583
333.6	0.797
333.8	0.89816
334.0	0.99933
334.2	0.99893
334.4	0.99854
334.6	0.99814
334.8	0.99775
335.0	0.99735
335.2	0.9978
335.4	0.99825
335.6	0.9987
335.8	0.99915
336.0	0.9996
336.2	0.99946
336.4	0.99933
336.6	0.99919
336.8	0.99905
337.0	0.99891
337.2	0.99907
337.4	0.99923
337.6	0.9994
337.8	0.99956
338.0	0.99972
338.2	0.99971
338.4	0.9997
338.6	0.99968
338.8	0.99967
339.0	0.99966
339.2	0.99969
339.4	0.99973
339.6	0.99976
339.8	0.99979
340.0	0.99983
340.2	0.99982
340.4	0.99981
340.6	0.9998
340.8	0.99979
341.0	0.99978
341.2	0.9998
341.4	0.99982
341.6	0.99983
341.8	0.99985
342.0	0.99987
342.2	0.99987
342.4	0.99988
342.6	0.99988
342.8	0.99988
343.0	0.99988
343.2	0.99989
343.4	0.99989
343.6	0.9999
343.8	0.9999
344.0	0.99991
344.2	0.99991
344.4	0.99991
344.6	0.99991
344.8	0.99991
345.0	0.99991
345.2	0.99991
345.4	0.99992
345.6	0.99992
345.8	0.99993
346.0	0.99993
346.2	0.99993
346.4	0.99993
346.6	0.99994
346.8	0.99994
347.0	0.99994
347.2	0.99994
347.4	0.99994
347.6	0.99994
347.8	0.99995
348.0	0.99995
348.2	0.99995
348.4	0.99995
348.6	0.99995
348.8	0.99995
349.0	0.99995
349.2	0.99995
349.4	0.99995
349.6	0.99996
349.8	0.99996
350.0	0.99996
350.2	0.99996
350.4	0.99996
350.6	0.99996
350.8	0.99996
351.0	0.99996
351.2	0.99996
351.4	0.99996
351.6	0.99997
351.8	0.99997
352.0	0.99997
352.2	0.99997
352.4	0.99997
352.6	0.99997
352.8	0.99997
353.0	0.99997
353.2	0.99997
353.4	0.99997
353.6	0.99997
353.8	0.99997
354.0	0.99998
354.2	0.99996
354.4	0.99995
354.6	0.99994
354.8	0.99993
355.0	0.99992
355.2	0.99993
355.4	0.99994
355.6	0.99996
355.8	0.99997
356.0	0.99998
356.2	0.99997
356.4	0.99996
356.6	0.99995
356.8	0.99994
357.0	0.99993
357.2	0.99994
357.4	0.99995
357.6	0.99996
357.8	0.99997
358.0	0.99998
358.2	0.99998
358.4	0.99998
358.6	0.99998
358.8	0.99998
359.0	0.99998
359.2	0.99998
359.4	0.99999
359.6	0.99999
359.8	0.99999
360.0	0.99999
360.2	0.99999
360.4	0.99999
360.6	0.99999
360.8	0.99999
361.0	0.99999
361.2	0.99999
361.4	0.99999
361.6	0.99999
361.8	0.99999
362.0	0.99999
362.2	0.99999
362.4	0.99999
362.6	0.99999
362.8	0.99999
363.0	0.99999
363.2	0.99999
363.4	0.99999
363.6	0.99999
363.8	0.99999
364.0	0.99999
364.2	0.99999
364.4	0.99999
364.6	0.99999
364.8	0.99999
365.0	0.99999
365.2	0.99999
365.4	0.99999
365.6	0.99999
365.8	0.99999
366.0	0.99999
366.2	0.99999
366.4	0.99999
366.6	0.99999
366.8	0.99999
367.0	0.99999
367.2	0.99999
367.4	0.99999
367.6	0.99999
367.8	0.99999
368.0	0.99999
368.2	0.99999
368.4	0.99999
368.6	0.99999
368.8	0.99999
369.0	0.99999
369.2	0.99999
369.4	0.99999
369.6	1.0
369.8	1.0
370.0	1.0
370.2	1.0
370.4	1.0
370.6	1.0
370.8	1.0
371.0	1.0
371.2	1.0
371.4	1.0
371.6	1.0
371.8	1.0
372.0	1.0
372.2	1.0
372.4	1.0
372.6	1.0
372.8	1.0
373.0	1.0
373.2	1.0
373.4	1.0
373.6	1.0
373.8	1.0
374.0	1.0
374.2	1.0
374.4	1.0
374.6	1.0
374.8	1.0
375.0	1.0
375.2	1.0
375.4	1.0
375.6	1.0
375.8	1.0
376.0	1.0
376.2	1.0
376.4	1.0
376.6	1.0
376.8	1.0
377.0	1.0
377.2	1.0
377.4	1.0
377.6	1.0
377.8	1.0
378.0	1.0
378.2	1.0
378.4	1.0
378.6	1.0
378.8	1.0
379.0	1.0
379.2	1.0
379.4	1.0
379.6	1.0
379.8	1.0
380.0	1.0
380.2	1.0
380.4	1.0
380.6	1.0
380.8	1.0
381.0	1.0
381.2	1.0
381.4	0.99999
381.6	0.99999
381.8	0.99999
382.0	0.99999
382.2	0.99999
382.4	0.99999
382.6	0.99999
382.8	1.0
383.0	1.0
383.2	1.0
383.4	1.0
383.6	1.0
383.8	1.0
384.0	1.0
384.2	1.0
384.4	1.0
384.6	1.0
384.8	1.0
385.0	1.0
385.2	1.0
385.4	1.0
385.6	1.0
385.8	1.0
386.0	1.0
386.2	1.0
386.4	1.0
386.6	1.0
386.8	1.0
387.0	1.0
387.2	1.0
387.4	1.0
387.6	1.0
387.8	1.0
388.0	1.0
388.2	1.0
388.4	1.0
388.6	1.0
388.8	1.0
389.0	1.0
389.2	1.0
389.4	1.0
389.6	1.0
389.8	1.0
390.0	1.0
390.2	1.0
390.4	1.0
390.6	1.0
390.8	1.0
391.0	1.0
391.2	1.0
391.4	1.0
391.6	1.0
391.8	1.0
392.0	1.0
392.2	1.0
392.4	1.0
392.6	1.0
392.8	1.0
393.0	1.0
393.2	1.0
393.4	1.0
393.6	1.0
393.8	1.0
394.0	1.0
394.2	1.0
394.4	1.0
394.6	1.0
394.8	1.0
395.0	1.0
395.2	1.0
395.4	1.0
395.6	1.0
395.8	1.0
396.0	1.0
396.2	1.0
396.4	1.0
396.6	1.0
396.8	1.0
397.0	1.0
397.2	1.0
397.4	1.0
397.6	1.0
397.8	1.0
398.0	1.0
398.2	1.0
398.4	1.0
398.6	1.0
398.8	1.0
399.0	1.0
399.2	1.0
399.4	1.0
399.6	1.0
399.8	1.0
400.0	1.0
400.2	1.0
400.4	1.0
400.6	1.0
400.8	1.0
401.0	1.0
401.2	1.0
401.4	1.0
401.6	1.0
401.8	1.0
402.0	1.0
402.2	1.0
402.4	1.0
402.6	1.0
402.8	1.0
403.0	1.0
403.2	1.0
403.4	1.0
403.6	1.0
403.8	1.0
404.0	1.0
404.2	1.0
404.4	1.0
404.6	1.0
404.8	1.0
405.0	1.0
405.2	1.0
405.4	1.0
405.6	1.0
405.8	1.0
406.0	1.0
406.2	1.0
406.4	1.0
406.6	1.0
406.8	1.0
407.0	1.0
407.2	1.0
407.4	1.0
407.6	1.0
407.8	1.0
408.0	1.0
408.2	1.0
408.4	1.0
408.6	1.0
408.8	1.0
409.0	1.0
409.2	1.0
409.4	1.0
409.6	1.0
409.8	1.0
410.0	1.0
410.2	1.0
410.4	1.0
410.6	1.0
410.8	1.0
411.0	1.0
411.2	0.99999
411.4	0.99998
411.6	0.99997
411.8	0.99997
412.0	0.99996
412.2	0.99997
412.4	0.99997
412.6	0.99998
412.8	0.99999
413.0	1.0
413.2	1.0
413.4	1.0
413.6	1.0
413.8	1.0
414.0	1.0
414.2	1.0
414.4	1.0
414.6	1.0
414.8	1.0
415.0	1.0
415.2	1.0
415.4	1.0
415.6	1.0
415.8	1.0
416.0	1.0
416.2	1.0
416.4	1.0
416.6	1.0
416.8	1.0
417.0	1.0
417.2	1.0
417.4	1.0
417.6	1.0
417.8	1.0
418.0	1.0
418.2	1.0
418.4	1.0
418.6	1.0
418.8	1.0
419.0	1.0
419.2	1.0
419.4	1.0
419.6	1.0
419.8	1.0
420.0	1.0
420.2	1.0
420.4	1.0
420.6	1.0
420.8	1.0
421.0	1.0
421.2	1.0
421.4	1.0
421.6	1.0
421.8	1.0
422.0	1.0
422.2	1.0
422.4	1.0
422.6	1.0
422.8	1.0
423.0	1.0
423.2	1.0
423.4	1.0
423.6	1.0
423.8	1.0
424.0	1.0
424.2	1.0
424.4	1.0
424.6	1.0
424.8	1.0
425.0	1.0
425.2	1.0
425.4	1.0
425.6	1.0
425.8	1.0
426.0	1.0
426.2	1.0
426.4	1.0
426.6	1.0
426.8	1.0
427.0	1.0
427.2	0.99997
427.4	0.99995
427.6	0.99992
427.8	0.9999
428.0	0.99987
428.2	0.9999
428.4	0.99992
428.6	0.99995
428.8	0.99997
429.0	1.0
429.2	1.0
429.4	1.0
429.6	1.0
429.8	1.0
430.0	1.0
430.2	1.0
430.4	1.0
430.6	1.0
430.8	1.0
431.0	1.0
431.2	1.0
431.4	1.0
431.6	1.0
431.8	1.0
432.0	1.0
432.2	1.0
432.4	1.0
432.6	1.0
432.8	1.0
433.0	1.0
433.2	1.0
433.4	1.0
433.6	1.0
433.8	1.0
434.0	1.0
434.2	1.0
434.4	1.0
434.6	1.0
434.8	1.0
435.0	1.0
435.2	1.0
435.4	1.0
435.6	1.0
435.8	1.0
436.0	1.0
436.2	1.0
436.4	1.0
436.6	1.0
436.8	1.0
437.0	1.0
437.2	1.0
437.4	1.0
437.6	1.0
437.8	1.0
438.0	1.0
438.2	1.0
438.4	1.0
438.6	1.0
438.8	1.0
439.0	1.0
439.2	1.0
439.4	1.0
439.6	1.0
439.8	1.0
440.0	1.0
440.2	1.0
440.4	1.0
440.6	1.0
440.8	1.0
441.0	1.0
441.2	1.0
441.4	1.0
441.6	1.0
441.8	1.0
442.0	1.0
442.2	1.0
442.4	1.0
442.6	1.0
442.8	1.0
443.0	1.0
443.2	1.0
443.4	1.0
443.6	1.0
443.8	1.0
444.0	1.0
444.2	1.0
444.4	1.0
444.6	1.0
444.8	1.0
445.0	1.0
445.2	1.0
445.4	1.0
445.6	1.0
445.8	1.0
446.0	1.0
446.2	1.0
446.4	1.0
446.6	1.0
446.8	1.0
447.0	1.0
447.2	1.0
447.4	1.0
447.6	1.0
447.8	1.0
448.0	1.0
448.2	1.0
448.4	1.0
448.6	1.0
448.8	1.0
449.0	1.0
449.2	1.0
449.4	1.0
449.6	1.0
449.8	1.0
450.0	1.0
450.2	1.0
450.4	1.0
450.6	1.0
450.8	1.0
451.0	1.0
451.2	1.0
451.4	1.0
451.6	1.0
451.8	1.0
452.0	1.0
452.2	1.0
452.4	1.0
452.6	1.0
452.8	1.0
453.0	1.0
453.2	1.0
453.4	1.0
453.6	1.0
453.8	1.0
454.0	1.0
454.2	1.0
454.4	1.0
454.6	1.0
454.8	1.0
455.0	1.0
455.2	1.0
455.4	1.0
455.6	1.0
455.8	1.0
456.0	1.0
456.2	1.0
456.4	1.0
456.6	1.0
456.8	1.0
457.0	1.0
457.2	1.0
457.4	1.0
457.6	1.0
457.8	1.0
458.0	1.0
458.2	1.0
458.4	1.0
458.6	1.0
458.8	1.0
459.0	1.0
459.2	1.0
459.4	1.0
459.6	1.0
459.8	1.0
460.0	1.0
460.2	1.0
460.4	1.0
460.6	1.0
460.8	1.0
461.0	1.0
461.2	0.99999
461.4	0.99999
461.6	0.99999
461.8	0.99998
462.0	0.99998
462.2	0.99998
462.4	0.99999
462.6	0.99999
462.8	0.99999
463.0	1.0
463.2	1.0
463.4	1.0
463.6	1.0
463.8	1.0
464.0	1.0
464.2	1.0
464.4	1.0
464.6	1.0
464.8	0.99999
465.0	0.99999
465.2	0.99999
465.4	0.99999
465.6	0.99999
465.8	0.99999
466.0	0.99999
466.2	0.99999
466.4	0.99999
466.6	1.0
466.8	1.0
467.0	1.0
467.2	0.99999
467.4	0.99998
467.6	0.99998
467.8	0.99997
468.0	0.99996
468.2	0.99997
468.4	0.99997
468.6	0.99998
468.8	0.99999
469.0	1.0
469.2	1.0
469.4	1.0
469.6	1.0
469.8	1.0
470.0	1.0
470.2	1.0
470.4	0.99999
470.6	0.99999
470.8	0.99999
471.0	0.99999
471.2	0.99999
471.4	0.99999
471.6	0.99999
471.8	0.99999
472.0	0.99999
472.2	0.99999
472.4	0.99999
472.6	0.99999
472.8	0.99999
473.0	1.0
473.2	0.99999
473.4	0.99999
473.6	0.99999
473.8	0.99998
474.0	0.99998
474.2	0.99998
474.4	0.99998
474.6	0.99999
474.8	0.99999
475.0	0.99999
475.2	0.99999
475.4	0.99999
475.6	0.99999
475.8	0.99999
476.0	1.0
476.2	1.0
476.4	0.99999
476.6	0.99999
476.8	0.99999
477.0	0.99999
477.2	0.99999
477.4	0.99998
477.6	0.99998
477.8	0.99997
478.0	0.99997
478.2	0.99997
478.4	0.99998
478.6	0.99998
478.8	0.99999
479.0	0.99999
479.2	0.99999
479.4	0.99999
479.6	0.99999
479.8	0.99999
480.0	0.99999
480.2	0.99997
480.4	0.99996
480.6	0.99995
480.8	0.99994
481.0	0.99993
481.2	0.99994
481.4	0.99995
481.6	0.99996
481.8	0.99998
482.0	0.99999
482.2	0.99999
482.4	0.99999
482.6	0.99999
482.8	0.99999
483.0	0.99999
483.2	0.99998
483.4	0.99998
483.6	0.99997
483.8	0.99997
484.0	0.99996
484.2	0.99997
484.4	0.99997
484.6	0.99997
484.8	0.99998
485.0	0.99998
485.2	0.99998
485.4	0.99998
485.6	0.99998
485.8	0.99998
486.0	0.99999
486.2	0.99998
486.4	0.99997
486.6	0.99997
486.8	0.99996
487.0	0.99995
487.2	0.99996
487.4	0.99996
487.6	0.99996
487.8	0.99996
488.0	0.99996
488.2	0.99997
488.4	0.99997
488.6	0.99998
488.8	0.99998
489.0	0.99999
489.2	0.99999
489.4	0.99999
489.6	0.99999
489.8	0.99999
490.0	0.99999
490.2	0.99998
490.4	0.99998
490.6	0.99997
490.8	0.99997
491.0	0.99996
491.2	0.99997
491.4	0.99997
491.6	0.99997
491.8	0.99998
492.0	0.99998
492.2	0.99998
492.4	0.99998
492.6	0.99998
492.8	0.99998
493.0	0.99998
493.2	0.99997
493.4	0.99997
493.6	0.99996
493.8	0.99995
494.0	0.99994
494.2	0.99995
494.4	0.99995
494.6	0.99996
494.8	0.99997
495.0	0.99997
495.2	0.99997
495.4	0.99998
495.6	0.99998
495.8	0.99998
496.0	0.99999
496.2	0.99999
496.4	0.99999
496.6	0.99999
496.8	0.99998
497.0	0.99998
497.2	0.99998
497.4	0.99997
497.6	0.99997
497.8	0.99997
498.0	0.99996
498.2	0.99996
498.4	0.99996
498.6	0.99997
498.8	0.99997
499.0	0.99997
499.2	0.99997
499.4	0.99997
499.6	0.99997
499.8	0.99997
500.0	0.99997
500.2	0.99997
500.4	0.99996
500.6	0.99995
500.8	0.99994
501.0	0.99994
501.2	0.99994
501.4	0.99994
501.6	0.99995
501.8	0.99995
502.0	0.99996
502.2	0.99996
502.4	0.99997
502.6	0.99997
502.8	0.99998
503.0	0.99998
503.2	0.99998
503.4	0.99998
503.6	0.99998
503.8	0.99998
504.0	0.99998
504.2	0.99998
504.4	0.99998
504.6	0.99997
504.8	0.99997
505.0	0.99997
505.2	0.99996
505.4	0.99996
505.6	0.99996
505.8	0.99995
506.0	0.99995
506.2	0.99995
506.4	0.99996
506.6	0.99996
506.8	0.99996
507.0	0.99996
507.2	0.99996
507.4	0.99996
507.6	0.99996
507.8	0.99996
508.0	0.99995
508.2	0.99995
508.4	0.99995
508.6	0.99995
508.8	0.99995
509.0	0.99994
509.2	0.99995
509.4	0.99996
509.6	0.99996
509.8	0.99997
510.0	0.99998
510.2	0.99998
510.4	0.99998
510.6	0.99998
510.8	0.99998
511.0	0.99998
511.2	0.99998
511.4	0.99998
511.6	0.99998
511.8	0.99998
512.0	0.99998
512.2	0.99997
512.4	0.99996
512.6	0.99996
512.8	0.99995
513.0	0.99994
513.2	0.99994
513.4	0.99994
513.6	0.99994
513.8	0.99994
514.0	0.99994
514.2	0.99994
514.4	0.99995
514.6	0.99995
514.8	0.99995
515.0	0.99996
515.2	0.99996
515.4	0.99996
515.6	0.99995
515.8	0.99995
516.0	0.99995
516.2	0.99995
516.4	0.99995
516.6	0.99995
516.8	0.99995
517.0	0.99995
517.2	0.99996
517.4	0.99996
517.6	0.99997
517.8	0.99997
518.0	0.99997
518.2	0.99997
518.4	0.99997
518.6	0.99997
518.8	0.99998
519.0	0.99998
519.2	0.99997
519.4	0.99997
519.6	0.99997
519.8	0.99997
520.0	0.99996
520.2	0.99995
520.4	0.99994
520.6	0.99993
520.8	0.99992
521.0	0.99991
521.2	0.99992
521.4	0.99992
521.6	0.99993
521.8	0.99993
522.0	0.99994
522.2	0.99994
522.4	0.99995
522.6	0.99996
522.8	0.99996
523.0	0.99997
523.2	0.99997
523.4	0.99997
523.6	0.99997
523.8	0.99997
524.0	0.99997
524.2	0.99996
524.4	0.99996
524.6	0.99996
524.8	0.99996
525.0	0.99996
525.2	0.99996
525.4	0.99996
525.6	0.99996
525.8	0.99996
526.0	0.99996
526.2	0.99996
526.4	0.99996
526.6	0.99996
526.8	0.99996
527.0	0.99996
527.2	0.99996
527.4	0.99996
527.6	0.99995
527.8	0.99995
528.0	0.99995
528.2	0.99994
528.4	0.99993
528.6	0.99992
528.8	0.99991
529.0	0.9999
529.2	0.99991
529.4	0.99992
529.6	0.99992
529.8	0.99993
530.0	0.99994
530.2	0.99995
530.4	0.99995
530.6	0.99996
530.8	0.99996
531.0	0.99997
531.2	0.99997
531.4	0.99997
531.6	0.99997
531.8	0.99997
532.0	0.99997
532.2	0.99997
532.4	0.99997
532.6	0.99997
532.8	0.99996
533.0	0.99996
533.2	0.99996
533.4	0.99995
533.6	0.99995
533.8	0.99994
534.0	0.99994
534.2	0.99993
534.4	0.99993
534.6	0.99993
534.8	0.99993
535.0	0.99993
535.2	0.99993
535.4	0.99993
535.6	0.99993
535.8	0.99993
536.0	0.99994
536.2	0.99994
536.4	0.99993
536.6	0.99993
536.8	0.99993
537.0	0.99993
537.2	0.99993
537.4	0.99993
537.6	0.99994
537.8	0.99994
538.0	0.99994
538.2	0.99994
538.4	0.99995
538.6	0.99995
538.8	0.99996
539.0	0.99996
539.2	0.99996
539.4	0.99997
539.6	0.99997
539.8	0.99997
540.0	0.99997
540.2	0.99997
540.4	0.99997
540.6	0.99997
540.8	0.99997
541.0	0.99997
541.2	0.99996
541.4	0.99996
541.6	0.99995
541.8	0.99994
542.0	0.99994
542.2	0.99993
542.4	0.99992
542.6	0.99991
542.8	0.9999
543.0	0.99989
543.2	0.9999
543.4	0.9999
543.6	0.99991
543.8	0.99992
544.0	0.99993
544.2	0.99993
544.4	0.99994
544.6	0.99994
544.8	0.99995
545.0	0.99995
545.2	0.99995
545.4	0.99996
545.6	0.99996
545.8	0.99996
546.0	0.99996
546.2	0.99996
546.4	0.99995
546.6	0.99995
546.8	0.99995
547.0	0.99995
547.2	0.99995
547.4	0.99995
547.6	0.99994
547.8	0.99994
548.0	0.99994
548.2	0.99994
548.4	0.99994
548.6	0.99994
548.8	0.99994
549.0	0.99994
549.2	0.99994
549.4	0.99993
549.6	0.99993
549.8	0.99993
550.0	0.99993
550.2	0.99992
550.4	0.99992
550.6	0.99991
550.8	0.9999
551.0	0.9999
551.2	0.9999
551.4	0.9999
551.6	0.9999
551.8	0.9999
552.0	0.99991
552.2	0.99991
552.4	0.99992
552.6	0.99993
552.8	0.99994
553.0	0.99995
553.2	0.99995
553.4	0.99996
553.6	0.99996
553.8	0.99996
554.0	0.99997
554.2	0.99997
554.4	0.99997
554.6	0.99997
554.8	0.99997
555.0	0.99997
555.2	0.99997
555.4	0.99996
555.6	0.99996
555.8	0.99996
556.0	0.99996
556.2	0.99995
556.4	0.99994
556.6	0.99993
556.8	0.99992
557.0	0.99992
557.2	0.99991
557.4	0.99991
557.6	0.9999
557.8	0.9999
558.0	0.99989
558.2	0.9999
558.4	0.99991
558.6	0.99991
558.8	0.99992
559.0	0.99993
559.2	0.99993
559.4	0.99993
559.6	0.99994
559.8	0.99994
560.0	0.99994
560.2	0.99994
560.4	0.99995
560.6	0.99995
560.8	0.99995
561.0	0.99995
561.2	0.99995
561.4	0.99995
561.6	0.99994
561.8	0.99994
562.0	0.99994
562.2	0.99994
562.4	0.99994
562.6	0.99994
562.8	0.99994
563.0	0.99994
563.2	0.99994
563.4	0.99994
563.6	0.99994
563.8	0.99994
564.0	0.99993
564.2	0.99993
564.4	0.99993
564.6	0.99992
564.8	0.99992
565.0	0.99992
565.2	0.99991
565.4	0.9999
565.6	0.99989
565.8	0.99988
566.0	0.99988
566.2	0.99988
566.4	0.99988
566.6	0.99988
566.8	0.99988
567.0	0.99988
567.2	0.99989
567.4	0.9999
567.6	0.99991
567.8	0.99992
568.0	0.99993
568.2	0.99994
568.4	0.99994
568.6	0.99995
568.8	0.99995
569.0	0.99996
569.2	0.99996
569.4	0.99996
569.6	0.99996
569.8	0.99996
570.0	0.99996
570.2	0.99996
570.4	0.99996
570.6	0.99996
570.8	0.99996
571.0	0.99996
571.2	0.99995
571.4	0.99995
571.6	0.99994
571.8	0.99993
572.0	0.99993
572.2	0.99992
572.4	0.99991
572.6	0.9999
572.8	0.99989
573.0	0.99988
573.2	0.99989
573.4	0.99989
573.6	0.99989
573.8	0.9999
574.0	0.9999
574.2	0.99991
574.4	0.99992
574.6	0.99992
574.8	0.99993
575.0	0.99994
575.2	0.99994
575.4	0.99994
575.6	0.99994
575.8	0.99995
576.0	0.99995
576.2	0.99995
576.4	0.99995
576.6	0.99995
576.8	0.99995
577.0	0.99995
577.2	0.99995
577.4	0.99994
577.6	0.99994
577.8	0.99994
578.0	0.99994
578.2	0.99994
578.4	0.99993
578.6	0.99993
578.8	0.99993
579.0	0.99993
579.2	0.99992
579.4	0.99992
579.6	0.99992
579.8	0.99991
580.0	0.99991
580.2	0.99991
580.4	0.9999
580.6	0.9999
580.8	0.99989
581.0	0.99989
581.2	0.99988
581.4	0.99988
581.6	0.99987
581.8	0.99987
582.0	0.99987
582.2	0.99987
582.4	0.99987
582.6	0.99988
582.8	0.99988
583.0	0.99988
583.2	0.99989
583.4	0.9999
583.6	0.99991
583.8	0.99992
584.0	0.99992
584.2	0.99993
584.4	0.99993
584.6	0.99994
584.8	0.99994
585.0	0.99995
585.2	0.99995
585.4	0.99995
585.6	0.99995
585.8	0.99995
586.0	0.99995
586.2	0.99995
586.4	0.99995
586.6	0.99995
586.8	0.99995
587.0	0.99995
587.2	0.99994
587.4	0.99994
587.6	0.99993
587.8	0.99993
588.0	0.99992
588.2	0.99991
588.4	0.9999
588.6	0.99989
588.8	0.99988
589.0	0.99987
589.2	0.99987
589.4	0.99987
589.6	0.99988
589.8	0.99988
590.0	0.99988
590.2	0.99989
590.4	0.9999
590.6	0.99991
590.8	0.99992
591.0	0.99993
591.2	0.99994
591.4	0.99994
591.6	0.99995
591.8	0.99995
592.0	0.99995
592.2	0.99995
592.4	0.99996
592.6	0.99996
592.8	0.99996
593.0	0.99996
593.2	0.99996
593.4	0.99995
593.6	0.99995
593.8	0.99995
594.0	0.99995
594.2	0.99994
594.4	0.99994
594.6	0.99993
594.8	0.99993
595.0	0.99992
595.2	0.99991
595.4	0.9999
595.6	0.9999
595.8	0.99989
596.0	0.99988
596.2	0.99987
596.4	0.99987
596.6	0.99986
596.8	0.99985
597.0	0.99985
597.2	0.99985
597.4	0.99986
597.6	0.99986
597.8	0.99987
598.0	0.99987
598.2	0.99988
598.4	0.99988
598.6	0.99989
598.8	0.9999
599.0	0.9999
599.2	0.9999
599.4	0.99991
599.6	0.99991
599.8	0.99992
600.0	0.99992
600.2	0.99992
600.4	0.99992
600.6	0.99992
600.8	0.99993
601.0	0.99993
601.2	0.99993
601.4	0.99993
601.6	0.99993
601.8	0.99993
602.0	0.99993
602.2	0.99993
602.4	0.99993
602.6	0.99993
602.8	0.99993
603.0	0.99993
603.2	0.99992
603.4	0.99992
603.6	0.99992
603.8	0.99992
604.0	0.99992
604.2	0.99991
604.4	0.99991
604.6	0.9999
604.8	0.9999
605.0	0.99989
605.2	0.99989
605.4	0.99989
605.6	0.99989
605.8	0.99988
606.0	0.99988
606.2	0.99989
606.4	0.99989
606.6	0.99989
606.8	0.9999
607.0	0.9999
607.2	0.99991
607.4	0.99992
607.6	0.99992
607.8	0.99993
608.0	0.99993
608.2	0.99994
608.4	0.99994
608.6	0.99994
608.8	0.99995
609.0	0.99995
609.2	0.99995
609.4	0.99995
609.6	0.99995
609.8	0.99995
610.0	0.99995
610.2	0.99995
610.4	0.99995
610.6	0.99995
610.8	0.99995
611.0	0.99994
611.2	0.99994
611.4	0.99993
611.6	0.99993
611.8	0.99992
612.0	0.99992
612.2	0.9999
612.4	0.99989
612.6	0.99988
612.8	0.99986
613.0	0.99985
613.2	0.99984
613.4	0.99983
613.6	0.99982
613.8	0.99981
614.0	0.9998
614.2	0.99981
614.4	0.99982
614.6	0.99984
614.8	0.99985
615.0	0.99986
615.2	0.99987
615.4	0.99988
615.6	0.99989
615.8	0.9999
616.0	0.99991
616.2	0.99992
616.4	0.99992
616.6	0.99993
616.8	0.99993
617.0	0.99994
617.2	0.99994
617.4	0.99994
617.6	0.99994
617.8	0.99994
618.0	0.99994
618.2	0.99994
618.4	0.99994
618.6	0.99994
618.8	0.99994
619.0	0.99993
619.2	0.99993
619.4	0.99992
619.6	0.99992
619.8	0.99991
620.0	0.99991
620.2	0.9999
620.4	0.99989
620.6	0.99988
620.8	0.99987
621.0	0.99986
621.2	0.99986
621.4	0.99986
621.6	0.99985
621.8	0.99985
622.0	0.99985
622.2	0.99986
622.4	0.99987
622.6	0.99988
622.8	0.99989
623.0	0.9999
623.2	0.99991
623.4	0.99992
623.6	0.99992
623.8	0.99993
624.0	0.99994
624.2	0.99994
624.4	0.99994
624.6	0.99994
624.8	0.99995
625.0	0.99995
625.2	0.99995
625.4	0.99995
625.6	0.99995
625.8	0.99995
626.0	0.99995
626.2	0.99995
626.4	0.99995
626.6	0.99994
626.8	0.99994
627.0	0.99994
627.2	0.99994
627.4	0.99993
627.6	0.99993
627.8	0.99992
628.0	0.99991
628.2	0.99991
628.4	0.9999
628.6	0.99989
628.8	0.99988
629.0	0.99987
629.2	0.99986
629.4	0.99985
629.6	0.99985
629.8	0.99984
630.0	0.99983
630.2	0.99983
630.4	0.99984
630.6	0.99984
630.8	0.99984
631.0	0.99985
631.2	0.99985
631.4	0.99986
631.6	0.99987
631.8	0.99987
632.0	0.99988
632.2	0.99989
632.4	0.99989
632.6	0.9999
632.8	0.9999
633.0	0.99991
633.2	0.99991
633.4	0.99991
633.6	0.99991
633.8	0.99991
634.0	0.99992
634.2	0.99992
634.4	0.99992
634.6	0.99992
634.8	0.99992
635.0	0.99992
635.2	0.99992
635.4	0.99992
635.6	0.99991
635.8	0.99991
636.0	0.99991
636.2	0.99991
636.4	0.9999
636.6	0.9999
636.8	0.9999
637.0	0.99989
637.2	0.99989
637.4	0.99988
637.6	0.99988
637.8	0.99988
638.0	0.99987
638.2	0.99987
638.4	0.99987
638.6	0.99987
638.8	0.99987
639.0	0.99987
639.2	0.99987
639.4	0.99988
639.6	0.99988
639.8	0.99989
640.0	0.99989
640.2	0.9999
640.4	0.99991
640.6	0.99991
640.8	0.99992
641.0	0.99992
641.2	0.99993
641.4	0.99993
641.6	0.99993
641.8	0.99994
642.0	0.99994
642.2	0.99994
642.4	0.99994
642.6	0.99994
642.8	0.99994
643.0	0.99994
643.2	0.99994
643.4	0.99994
643.6	0.99994
643.8	0.99994
644.0	0.99994
644.2	0.99994
644.4	0.99993
644.6	0.99993
644.8	0.99992
645.0	0.99992
645.2	0.99991
645.4	0.99991
645.6	0.9999
645.8	0.99989
646.0	0.99988
646.2	0.99987
646.4	0.99986
646.6	0.99985
646.8	0.99984
647.0	0.99983
647.2	0.99983
647.4	0.99983
647.6	0.99982
647.8	0.99982
648.0	0.99982
648.2	0.99982
648.4	0.99983
648.6	0.99984
648.8	0.99984
649.0	0.99985
649.2	0.99986
649.4	0.99987
649.6	0.99987
649.8	0.99988
650.0	0.99989
650.2	0.99989
650.4	0.9999
650.6	0.9999
650.8	0.99991
651.0	0.99991
651.2	0.99991
651.4	0.99992
651.6	0.99992
651.8	0.99992
652.0	0.99992
652.2	0.99992
652.4	0.99992
652.6	0.99992
652.8	0.99992
653.0	0.99992
653.2	0.99992
653.4	0.99991
653.6	0.99991
653.8	0.99991
654.0	0.9999
654.2	0.9999
654.4	0.99989
654.6	0.99989
654.8	0.99988
655.0	0.99987
655.2	0.99987
655.4	0.99986
655.6	0.99986
655.8	0.99985
656.0	0.99985
656.2	0.99985
656.4	0.99986
656.6	0.99986
656.8	0.99987
657.0	0.99987
657.2	0.99988
657.4	0.99989
657.6	0.9999
657.8	0.99991
658.0	0.99991
658.2	0.99992
658.4	0.99992
658.6	0.99993
658.8	0.99993
659.0	0.99994
659.2	0.99994
659.4	0.99994
659.6	0.99994
659.8	0.99994
660.0	0.99995
660.2	0.99994
660.4	0.99994
660.6	0.99994
660.8	0.99994
661.0	0.99994
661.2	0.99994
661.4	0.99994
661.6	0.99994
661.8	0.99993
662.0	0.99993
662.2	0.99992
662.4	0.99992
662.6	0.99991
662.8	0.9999
663.0	0.9999
663.2	0.99989
663.4	0.99988
663.6	0.99986
663.8	0.99985
664.0	0.99984
664.2	0.99983
664.4	0.99982
664.6	0.99982
664.8	0.99981
665.0	0.9998
665.2	0.9998
665.4	0.99981
665.6	0.99981
665.8	0.99982
666.0	0.99982
666.2	0.99983
666.4	0.99984
666.6	0.99985
666.8	0.99986
667.0	0.99987
667.2	0.99987
667.4	0.99988
667.6	0.99989
667.8	0.99989
668.0	0.9999
668.2	0.9999
668.4	0.9999
668.6	0.99991
668.8	0.99991
669.0	0.99991
669.2	0.99991
669.4	0.99992
669.6	0.99992
669.8	0.99992
670.0	0.99992
670.2	0.99992
670.4	0.99992
670.6	0.99991
670.8	0.99991
671.0	0.99991
671.2	0.99991
671.4	0.9999
671.6	0.9999
671.8	0.9999
672.0	0.99989
672.2	0.99989
672.4	0.99988
672.6	0.99988
672.8	0.99987
673.0	0.99987
673.2	0.99986
673.4	0.99986
673.6	0.99986
673.8	0.99986
674.0	0.99986
674.2	0.99986
674.4	0.99987
674.6	0.99987
674.8	0.99988
675.0	0.99989
675.2	0.99989
675.4	0.9999
675.6	0.99991
675.8	0.99991
676.0	0.99992
676.2	0.99992
676.4	0.99992
676.6	0.99993
676.8	0.99993
677.0	0.99993
677.2	0.99994
677.4	0.99994
677.6	0.99994
677.8	0.99994
678.0	0.99994
678.2	0.99994
678.4	0.99994
678.6	0.99994
678.8	0.99994
679.0	0.99994
679.2	0.99993
679.4	0.99993
679.6	0.99993
679.8	0.99992
680.0	0.99992
680.2	0.99991
680.4	0.99991
680.6	0.9999
680.8	0.99989
681.0	0.99989
681.2	0.99988
681.4	0.99987
681.6	0.99986
681.8	0.99985
682.0	0.99984
682.2	0.99983
682.4	0.99982
682.6	0.99981
682.8	0.9998
683.0	0.99979
683.2	0.9998
683.4	0.9998
683.6	0.9998
683.8	0.9998
684.0	0.99981
684.2	0.99981
684.4	0.99982
684.6	0.99983
684.8	0.99984
685.0	0.99985
685.2	0.99985
685.4	0.99986
685.6	0.99987
685.8	0.99988
686.0	0.99988
686.2	0.99989
686.4	0.99989
686.6	0.9999
686.8	0.9999
687.0	0.9999
687.2	0.99991
687.4	0.99991
687.6	0.99991
687.8	0.99991
688.0	0.99991
688.2	0.99991
688.4	0.99992
688.6	0.99992
688.8	0.99992
689.0	0.99992
689.2	0.99991
689.4	0.99991
689.6	0.99991
689.8	0.99991
690.0	0.99991
690.2	0.9999
690.4	0.9999
690.6	0.9999
690.8	0.99989
691.0	0.99989
691.2	0.99989
691.4	0.99988
691.6	0.99988
691.8	0.99988
692.0	0.99987
692.2	0.99987
692.4	0.99987
692.6	0.99988
692.8	0.99988
693.0	0.99988
693.2	0.99988
693.4	0.99989
693.6	0.99989
693.8	0.99989
694.0	0.9999
694.2	0.9999
694.4	0.99991
694.6	0.99991
694.8	0.99991
695.0	0.99992
695.2	0.99992
695.4	0.99992
695.6	0.99992
695.8	0.99993
696.0	0.99993
696.2	0.99993
696.4	0.99993
696.6	0.99993
696.8	0.99993
697.0	0.99993
697.2	0.99993
697.4	0.99992
697.6	0.99992
697.8	0.99992
698.0	0.99992
698.2	0.99992
698.4	0.99991
698.6	0.99991
698.8	0.9999
699.0	0.9999
699.2	0.99989
699.4	0.99989
699.6	0.99988
699.8	0.99987
700.0	0.99987
700.2	0.99986
700.4	0.99985
700.6	0.99984
700.8	0.99983
701.0	0.99982
701.2	0.99982
701.4	0.99981
701.6	0.9998
701.8	0.99979
702.0	0.99979
702.2	0.99979
702.4	0.99979
702.6	0.99979
702.8	0.99979
703.0	0.9998
703.2	0.9998
703.4	0.99981
703.6	0.99982
703.8	0.99983
704.0	0.99984
704.2	0.99984
704.4	0.99985
704.6	0.99986
704.8	0.99987
705.0	0.99988
705.2	0.99988
705.4	0.99989
705.6	0.99989
705.8	0.9999
706.0	0.9999
706.2	0.99991
706.4	0.99991
706.6	0.99991
706.8	0.99992
707.0	0.99992
707.2	0.99992
707.4	0.99992
707.6	0.99992
707.8	0.99992
708.0	0.99993
708.2	0.99993
708.4	0.99992
708.6	0.99992
708.8	0.99992
709.0	0.99992
709.2	0.99992
709.4	0.99992
709.6	0.99992
709.8	0.99992
710.0	0.99991
710.2	0.99991
710.4	0.99991
710.6	0.9999
710.8	0.9999
711.0	0.9999
711.2	0.99989
711.4	0.99989
711.6	0.99989
711.8	0.99989
712.0	0.99988
712.2	0.99988
712.4	0.99988
712.6	0.99988
712.8	0.99988
713.0	0.99988
713.2	0.99988
713.4	0.99988
713.6	0.99988
713.8	0.99989
714.0	0.99989
714.2	0.99989
714.4	0.99989
714.6	0.99989
714.8	0.9999
715.0	0.9999
715.2	0.9999
715.4	0.9999
715.6	0.9999
715.8	0.9999
716.0	0.9999
716.2	0.9999
716.4	0.9999
716.6	0.9999
716.8	0.9999
717.0	0.9999
717.2	0.9999
717.4	0.9999
717.6	0.9999
717.8	0.9999
718.0	0.99989
718.2	0.99989
718.4	0.99989
718.6	0.99988
718.8	0.99988
719.0	0.99988
719.2	0.99987
719.4	0.99987
719.6	0.99987
719.8	0.99986
720.0	0.99986
720.2	0.99985
720.4	0.99985
720.6	0.99984
720.8	0.99984
721.0	0.99984
721.2	0.99983
721.4	0.99983
721.6	0.99983
721.8	0.99982
722.0	0.99982
722.2	0.99982
722.4	0.99982
722.6	0.99982
722.8	0.99982
723.0	0.99982
723.2	0.99983
723.4	0.99983
723.6	0.99984
723.8	0.99984
724.0	0.99985
724.2	0.99986
724.4	0.99986
724.6	0.99987
724.8	0.99988
725.0	0.99988
725.2	0.99989
725.4	0.99989
725.6	0.9999
725.8	0.9999
726.0	0.99991
726.2	0.99991
726.4	0.99991
726.6	0.99992
726.8	0.99992
727.0	0.99992
727.2	0.99993
727.4	0.99993
727.6	0.99993
727.8	0.99993
728.0	0.99993
728.2	0.99993
728.4	0.99993
728.6	0.99993
728.8	0.99993
729.0	0.99993
729.2	0.99993
729.4	0.99993
729.6	0.99993
729.8	0.99993
730.0	0.99993
730.2	0.99993
730.4	0.99992
730.6	0.99992
730.8	0.99992
731.0	0.99992
731.2	0.99991
731.4	0.99991
731.6	0.9999
731.8	0.9999
732.0	0.9999
732.2	0.99989
732.4	0.99988
732.6	0.99988
732.8	0.99987
733.0	0.99987
733.2	0.99986
733.4	0.99986
733.6	0.99985
733.8	0.99985
734.0	0.99984
734.2	0.99984
734.4	0.99984
734.6	0.99984
734.8	0.99983
735.0	0.99983
735.2	0.99983
735.4	0.99983
735.6	0.99983
735.8	0.99983
736.0	0.99983
736.2	0.99984
736.4	0.99984
736.6	0.99984
736.8	0.99984
737.0	0.99985
737.2	0.99985
737.4	0.99985
737.6	0.99986
737.8	0.99986
738.0	0.99986
738.2	0.99986
738.4	0.99987
738.6	0.99987
738.8	0.99987
739.0	0.99988
739.2	0.99988
739.4	0.99988
739.6	0.99988
739.8	0.99989
740.0	0.99989
740.2	0.99989
740.4	0.99989
740.6	0.99989
740.8	0.99989
741.0	0.9999
741.2	0.9999
741.4	0.9999
741.6	0.9999
741.8	0.9999
742.0	0.9999
742.2	0.9999
742.4	0.9999
742.6	0.9999
742.8	0.9999
743.0	0.9999
743.2	0.9999
743.4	0.99989
743.6	0.99989
743.8	0.99989
744.0	0.99989
744.2	0.99989
744.4	0.99989
744.6	0.99989
744.8	0.99989
745.0	0.99989
745.2	0.99989
745.4	0.99989
745.6	0.99989
745.8	0.99989
746.0	0.99989
746.2	0.99989
746.4	0.99989
746.6	0.99989
746.8	0.99989
747.0	0.99989
747.2	0.9999
747.4	0.9999
747.6	0.9999
747.8	0.9999
748.0	0.9999
748.2	0.99991
748.4	0.99991
748.6	0.99991
748.8	0.99991
749.0	0.99991
749.2	0.99991
749.4	0.99991
749.6	0.99991
749.8	0.99992
750.0	0.99992
750.2	0.99992
750.4	0.99992
750.6	0.99992
750.8	0.99992
751.0	0.99991
751.2	0.99991
751.4	0.99991
751.6	0.99991
751.8	0.99991
752.0	0.99991
752.2	0.9999
752.4	0.9999
752.6	0.9999
752.8	0.9999
753.0	0.99989
753.2	0.99989
753.4	0.99988
753.6	0.99988
753.8	0.99988
754.0	0.99987
754.2	0.99987
754.4	0.99986
754.6	0.99986
754.8	0.99985
755.0	0.99985
755.2	0.99984
755.4	0.99984
755.6	0.99983
755.8	0.99983
756.0	0.99982
756.2	0.99982
756.4	0.99981
756.6	0.99981
756.8	0.99981
757.0	0.99981
757.2	0.99981
757.4	0.99981
757.6	0.99981
757.8	0.99981
758.0	0.99981
758.2	0.99982
758.4	0.99982
758.6	0.99983
758.8	0.99983
759.0	0.99983
759.2	0.99984
759.4	0.99985
759.6	0.99985
759.8	0.99986
760.0	0.99987
760.2	0.99987
760.4	0.99988
760.6	0.99988
760.8	0.99989
761.0	0.99989
761.2	0.9999
761.4	0.9999
761.6	0.99991
761.8	0.99991
762.0	0.99991
762.2	0.99992
762.4	0.99992
762.6	0.99992
762.8	0.99992
763.0	0.99993
763.2	0.99993
763.4	0.99993
763.6	0.99993
763.8	0.99993
764.0	0.99993
764.2	0.99993
764.4	0.99993
764.6	0.99993
764.8	0.99993
765.0	0.99993
765.2	0.99993
765.4	0.99993
765.6	0.99993
765.8	0.99993
766.0	0.99993
766.2	0.99993
766.4	0.99993
766.6	0.99992
766.8	0.99992
767.0	0.99992
767.2	0.99992
767.4	0.99991
767.6	0.99991
767.8	0.99991
768.0	0.9999
768.2	0.9999
768.4	0.9999
768.6	0.99989
768.8	0.99989
769.0	0.99988
769.2	0.99988
769.4	0.99987
769.6	0.99987
769.8	0.99986
770.0	0.99985
770.2	0.99985
770.4	0.99984
770.6	0.99984
770.8	0.99983
771.0	0.99983
771.2	0.99983
771.4	0.99982
771.6	0.99982
771.8	0.99982
772.0	0.99981
772.2	0.99981
772.4	0.99981
772.6	0.99982
772.8	0.99982
773.0	0.99982
773.2	0.99982
773.4	0.99982
773.6	0.99982
773.8	0.99983
774.0	0.99983
774.2	0.99984
774.4	0.99984
774.6	0.99984
774.8	0.99985
775.0	0.99985
775.2	0.99986
775.4	0.99986
775.6	0.99987
775.8	0.99987
776.0	0.99988
776.2	0.99988
776.4	0.99988
776.6	0.99989
776.8	0.99989
777.0	0.99989
777.2	0.9999
777.4	0.9999
777.6	0.9999
777.8	0.9999
778.0	0.99991
778.2	0.99991
778.4	0.99991
778.6	0.99991
778.8	0.99991
779.0	0.99992
779.2	0.99992
779.4	0.99992
779.6	0.99992
779.8	0.99992
780.0	0.99992
780.2	0.99992
780.4	0.99992
780.6	0.99992
780.8	0.99992
781.0	0.99992
781.2	0.99992
781.4	0.99991
781.6	0.99991
781.8	0.99991
782.0	0.99991
782.2	0.99991
782.4	0.99991
782.6	0.99991
782.8	0.9999
783.0	0.9999
783.2	0.9999
783.4	0.9999
783.6	0.9999
783.8	0.9999
784.0	0.99989
784.2	0.99989
784.4	0.99989
784.6	0.99989
784.8	0.99989
785.0	0.99989
785.2	0.99989
785.4	0.99989
785.6	0.99989
785.8	0.99989
786.0	0.99988
786.2	0.99988
786.4	0.99988
786.6	0.99988
786.8	0.99988
787.0	0.99988
787.2	0.99988
787.4	0.99988
787.6	0.99988
787.8	0.99988
788.0	0.99988
788.2	0.99988
788.4	0.99988
788.6	0.99988
788.8	0.99988
789.0	0.99988
789.2	0.99988
789.4	0.99988
789.6	0.99988
789.8	0.99988
790.0	0.99988
790.2	0.99988
790.4	0.99988
790.6	0.99988
790.8	0.99988
791.0	0.99988
791.2	0.99987
791.4	0.99987
791.6	0.99987
791.8	0.99987
792.0	0.99987
792.2	0.99987
792.4	0.99987
792.6	0.99987
792.8	0.99987
793.0	0.99987
793.2	0.99987
793.4	0.99987
793.6	0.99987
793.8	0.99987
794.0	0.99987
794.2	0.99987
794.4	0.99987
794.6	0.99987
794.8	0.99988
795.0	0.99988
795.2	0.99988
795.4	0.99988
795.6	0.99988
795.8	0.99988
796.0	0.99988
796.2	0.99988
796.4	0.99988
796.6	0.99988
796.8	0.99988
797.0	0.99988
797.2	0.99988
797.4	0.99988
797.6	0.99988
797.8	0.99988
798.0	0.99988
798.2	0.99988
798.4	0.99988
798.6	0.99988
798.8	0.99988
799.0	0.99989
799.2	0.99989
799.4	0.99989
799.6	0.99989
799.8	0.99989
800.0	0.99989
800.2	0.99989
800.4	0.9999
800.6	0.9999
800.8	0.9999
801.0	0.9999
801.2	0.9999
801.4	0.9999
801.6	0.99991
801.8	0.99991
802.0	0.99991
802.2	0.99991
802.4	0.99991
802.6	0.99991
802.8	0.99991
803.0	0.99992
803.2	0.99992
803.4	0.99992
803.6	0.99992
803.8	0.99992
804.0	0.99992
804.2	0.99992
804.4	0.99992
804.6	0.99992
804.8	0.99992
805.0	0.99992
805.2	0.99992
805.4	0.99992
805.6	0.99992
805.8	0.99992
806.0	0.99992
806.2	0.99991
806.4	0.99991
806.6	0.99991
806.8	0.99991
807.0	0.99991
807.2	0.9999
807.4	0.9999
807.6	0.9999
807.8	0.9999
808.0	0.99989
808.2	0.99989
808.4	0.99989
808.6	0.99988
808.8	0.99988
809.0	0.99988
809.2	0.99987
809.4	0.99987
809.6	0.99987
809.8	0.99986
810.0	0.99986
810.2	0.99986
810.4	0.99985
810.6	0.99985
810.8	0.99985
811.0	0.99984
811.2	0.99984
811.4	0.99984
811.6	0.99984
811.8	0.99983
812.0	0.99983
812.2	0.99983
812.4	0.99983
812.6	0.99983
812.8	0.99983
813.0	0.99983
813.2	0.99983
813.4	0.99983
813.6	0.99984
813.8	0.99984
814.0	0.99984
814.2	0.99984
814.4	0.99984
814.6	0.99985
814.8	0.99985
815.0	0.99985
815.2	0.99986
815.4	0.99986
815.6	0.99986
815.8	0.99987
816.0	0.99987
816.2	0.99988
816.4	0.99988
816.6	0.99988
816.8	0.99989
817.0	0.99989
817.2	0.99989
817.4	0.9999
817.6	0.9999
817.8	0.9999
818.0	0.99991
818.2	0.99991
818.4	0.99991
818.6	0.99991
818.8	0.99992
819.0	0.99992
819.2	0.99992
819.4	0.99992
819.6	0.99992
819.8	0.99993
820.0	0.99993
820.2	0.99993
820.4	0.99993
820.6	0.99993
820.8	0.99993
821.0	0.99993
821.2	0.99993
821.4	0.99993
821.6	0.99993
821.8	0.99993
822.0	0.99993
822.2	0.99993
822.4	0.99993
822.6	0.99993
822.8	0.99993
823.0	0.99993
823.2	0.99993
823.4	0.99993
823.6	0.99993
823.8	0.99993
824.0	0.99992
824.2	0.99992
824.4	0.99992
824.6	0.99992
824.8	0.99991
825.0	0.99991
825.2	0.99991
825.4	0.9999
825.6	0.9999
825.8	0.9999
826.0	0.99989
826.2	0.99989
826.4	0.99989
826.6	0.99988
826.8	0.99988
827.0	0.99987
827.2	0.99987
827.4	0.99986
827.6	0.99986
827.8	0.99985
828.0	0.99985
828.2	0.99984
828.4	0.99984
828.6	0.99983
828.8	0.99983
829.0	0.99982
829.2	0.99982
829.4	0.99981
829.6	0.99981
829.8	0.99981
830.0	0.99981
830.2	0.99981
830.4	0.99981
830.6	0.99981
830.8	0.99981
831.0	0.99981
831.2	0.99981
831.4	0.99981
831.6	0.99982
831.8	0.99982
832.0	0.99982
832.2	0.99983
832.4	0.99983
832.6	0.99984
832.8	0.99984
833.0	0.99985
833.2	0.99985
833.4	0.99986
833.6	0.99986
833.8	0.99987
834.0	0.99987
834.2	0.99988
834.4	0.99988
834.6	0.99989
834.8	0.99989
835.0	0.9999
835.2	0.9999
835.4	0.9999
835.6	0.99991
835.8	0.99991
836.0	0.99991
836.2	0.99992
836.4	0.99992
836.6	0.99992
836.8	0.99992
837.0	0.99993
837.2	0.99993
837.4	0.99993
837.6	0.99993
837.8	0.99993
838.0	0.99993
838.2	0.99993
838.4	0.99994
838.6	0.99994
838.8	0.99994
839.0	0.99994
839.2	0.99994
839.4	0.99994
839.6	0.99994
839.8	0.99994
840.0	0.99994
840.2	0.99994
840.4	0.99994
840.6	0.99994
840.8	0.99994
841.0	0.99994
841.2	0.99994
841.4	0.99993
841.6	0.99993
841.8	0.99993
842.0	0.99993
842.2	0.99993
842.4	0.99993
842.6	0.99992
842.8	0.99992
843.0	0.99992
843.2	0.99992
843.4	0.99991
843.6	0.99991
843.8	0.99991
844.0	0.9999
844.2	0.9999
844.4	0.9999
844.6	0.99989
844.8	0.99989
845.0	0.99988
845.2	0.99988
845.4	0.99987
845.6	0.99987
845.8	0.99986
846.0	0.99986
846.2	0.99985
846.4	0.99984
846.6	0.99984
846.8	0.99983
847.0	0.99983
847.2	0.99982
847.4	0.99982
847.6	0.99981
847.8	0.99981
848.0	0.9998
848.2	0.9998
848.4	0.9998
848.6	0.9998
848.8	0.9998
849.0	0.9998
849.2	0.9998
849.4	0.9998
849.6	0.9998
849.8	0.99981
850.0	0.99981
850.2	0.99981
850.4	0.99982
850.6	0.99982
850.8	0.99983
851.0	0.99983
851.2	0.99984
851.4	0.99984
851.6	0.99985
851.8	0.99985
852.0	0.99986
852.2	0.99986
852.4	0.99987
852.6	0.99987
852.8	0.99988
853.0	0.99988
853.2	0.99989
853.4	0.99989
853.6	0.9999
853.8	0.9999
854.0	0.99991
854.2	0.99991
854.4	0.99991
854.6	0.99991
854.8	0.99992
855.0	0.99992
855.2	0.99992
855.4	0.99992
855.6	0.99993
855.8	0.99993
856.0	0.99993
856.2	0.99993
856.4	0.99993
856.6	0.99994
856.8	0.99994
857.0	0.99994
857.2	0.99994
857.4	0.99994
857.6	0.99994
857.8	0.99994
858.0	0.99994
858.2	0.99994
858.4	0.99994
858.6	0.99994
858.8	0.99994
859.0	0.99994
859.2	0.99994
859.4	0.99994
859.6	0.99994
859.8	0.99994
860.0	0.99994
860.2	0.99994
860.4	0.99994
860.6	0.99993
860.8	0.99993
861.0	0.99993
861.2	0.99993
861.4	0.99993
861.6	0.99993
861.8	0.99992
862.0	0.99992
862.2	0.99992
862.4	0.99992
862.6	0.99991
862.8	0.99991
863.0	0.99991
863.2	0.9999
863.4	0.9999
863.6	0.9999
863.8	0.99989
864.0	0.99989
864.2	0.99988
864.4	0.99988
864.6	0.99987
864.8	0.99987
865.0	0.99986
865.2	0.99986
865.4	0.99985
865.6	0.99985
865.8	0.99984
866.0	0.99983
866.2	0.99983
866.4	0.99983
866.6	0.99982
866.8	0.99982
867.0	0.99981
867.2	0.99981
867.4	0.99981
867.6	0.99981
867.8	0.9998
868.0	0.9998
868.2	0.9998
868.4	0.99981
868.6	0.99981
868.8	0.99981
869.0	0.99981
869.2	0.99981
869.4	0.99982
869.6	0.99982
869.8	0.99982
870.0	0.99983
870.2	0.99983
870.4	0.99984
870.6	0.99984
870.8	0.99985
871.0	0.99985
871.2	0.99986
871.4	0.99986
871.6	0.99987
871.8	0.99987
872.0	0.99988
872.2	0.99988
872.4	0.99989
872.6	0.99989
872.8	0.99989
873.0	0.9999
873.2	0.9999
873.4	0.99991
873.6	0.99991
873.8	0.99991
874.0	0.99992
874.2	0.99992
874.4	0.99992
874.6	0.99992
874.8	0.99992
875.0	0.99993
875.2	0.99993
875.4	0.99993
875.6	0.99993
875.8	0.99993
876.0	0.99994
876.2	0.99994
876.4	0.99994
876.6	0.99994
876.8	0.99994
877.0	0.99994
877.2	0.99994
877.4	0.99994
877.6	0.99994
877.8	0.99994
878.0	0.99994
878.2	0.99994
878.4	0.99994
878.6	0.99994
878.8	0.99994
879.0	0.99994
879.2	0.99994
879.4	0.99994
879.6	0.99994
879.8	0.99994
880.0	0.99994
880.2	0.99994
880.4	0.99993
880.6	0.99993
880.8	0.99993
881.0	0.99993
881.2	0.99993
881.4	0.99993
881.6	0.99992
881.8	0.99992
882.0	0.99992
882.2	0.99992
882.4	0.99991
882.6	0.99991
882.8	0.99991
883.0	0.99991
883.2	0.9999
883.4	0.9999
883.6	0.99989
883.8	0.99989
884.0	0.99989
884.2	0.99988
884.4	0.99988
884.6	0.99987
884.8	0.99987
885.0	0.99987
885.2	0.99986
885.4	0.99986
885.6	0.99985
885.8	0.99985
886.0	0.99985
886.2	0.99984
886.4	0.99984
886.6	0.99984
886.8	0.99983
887.0	0.99983
887.2	0.99983
887.4	0.99983
887.6	0.99983
887.8	0.99983
888.0	0.99983
888.2	0.99983
888.4	0.99983
888.6	0.99983
888.8	0.99983
889.0	0.99983
889.2	0.99984
889.4	0.99984
889.6	0.99984
889.8	0.99984
890.0	0.99985
890.2	0.99985
890.4	0.99985
890.6	0.99986
890.8	0.99986
891.0	0.99986
891.2	0.99987
891.4	0.99987
891.6	0.99987
891.8	0.99988
892.0	0.99988
892.2	0.99988
892.4	0.99989
892.6	0.99989
892.8	0.99989
893.0	0.9999
893.2	0.9999
893.4	0.9999
893.6	0.99991
893.8	0.99991
894.0	0.99991
894.2	0.99991
894.4	0.99991
894.6	0.99992
894.8	0.99992
895.0	0.99992
895.2	0.99992
895.4	0.99992
895.6	0.99993
895.8	0.99993
896.0	0.99993
896.2	0.99993
896.4	0.99993
896.6	0.99993
896.8	0.99993
897.0	0.99993
897.2	0.99993
897.4	0.99993
897.6	0.99994
897.8	0.99994
898.0	0.99994
898.2	0.99994
898.4	0.99994
898.6	0.99994
898.8	0.99994
899.0	0.99994
899.2	0.99994
899.4	0.99993
899.6	0.99993
899.8	0.99993
900.0	0.99993
900.2	0.99993
900.4	0.99993
900.6	0.99993
900.8	0.99993
901.0	0.99993
901.2	0.99993
901.4	0.99992
901.6	0.99992
901.8	0.99992
902.0	0.99992
902.2	0.99992
902.4	0.99992
902.6	0.99991
902.8	0.99991
903.0	0.99991
903.2	0.99991
903.4	0.9999
903.6	0.9999
903.8	0.9999
904.0	0.9999
904.2	0.99989
904.4	0.99989
904.6	0.99989
904.8	0.99989
905.0	0.99988
905.2	0.99988
905.4	0.99988
905.6	0.99988
905.8	0.99988
906.0	0.99988
906.2	0.99987
906.4	0.99987
906.6	0.99987
906.8	0.99987
907.0	0.99987
907.2	0.99987
907.4	0.99987
907.6	0.99987
907.8	0.99987
908.0	0.99987
908.2	0.99988
908.4	0.99988
908.6	0.99988
908.8	0.99988
909.0	0.99988
909.2	0.99988
909.4	0.99988
909.6	0.99988
909.8	0.99989
910.0	0.99989
910.2	0.99989
910.4	0.99989
910.6	0.99989
910.8	0.99989
911.0	0.99989
911.2	0.99989
911.4	0.9999
911.6	0.9999
911.8	0.9999
912.0	0.9999
912.2	0.9999
912.4	0.9999
912.6	0.9999
912.8	0.9999
913.0	0.9999
913.2	0.9999
913.4	0.9999
913.6	0.9999
913.8	0.9999
914.0	0.99991
914.2	0.99991
914.4	0.99991
914.6	0.99991
914.8	0.99991
915.0	0.99991
915.2	0.99991
915.4	0.99991
915.6	0.99991
915.8	0.99991
916.0	0.99991
916.2	0.99991
916.4	0.99991
916.6	0.99991
916.8	0.99991
917.0	0.99991
917.2	0.99991
917.4	0.99991
917.6	0.99991
917.8	0.99991
918.0	0.99991
918.2	0.99991
918.4	0.99991
918.6	0.99991
918.8	0.99991
919.0	0.99991
919.2	0.99991
919.4	0.99991
919.6	0.99991
919.8	0.99991
920.0	0.99991
920.2	0.99991
920.4	0.99991
920.6	0.99991
920.8	0.99991
921.0	0.99991
921.2	0.99991
921.4	0.99991
921.6	0.9999
921.8	0.9999
922.0	0.9999
922.2	0.9999
922.4	0.9999
922.6	0.9999
922.8	0.9999
923.0	0.9999
923.2	0.99989
923.4	0.99989
923.6	0.99989
923.8	0.99989
924.0	0.99989
924.2	0.99989
924.4	0.99989
924.6	0.99989
924.8	0.99989
925.0	0.99989
925.2	0.99989
925.4	0.99989
925.6	0.99989
925.8	0.99989
926.0	0.99989
926.2	0.99989
926.4	0.99989
926.6	0.99989
926.8	0.99989
927.0	0.9999
927.2	0.9999
927.4	0.9999
927.6	0.9999
927.8	0.9999
928.0	0.99991
928.2	0.99991
928.4	0.99991
928.6	0.99991
928.8	0.99991
929.0	0.99992
929.2	0.99992
929.4	0.99992
929.6	0.99992
929.8	0.99992
930.0	0.99993
930.2	0.99993
930.4	0.99993
930.6	0.99993
930.8	0.99993
931.0	0.99993
931.2	0.99993
931.4	0.99993
931.6	0.99993
931.8	0.99994
932.0	0.99994
932.2	0.99994
932.4	0.99994
932.6	0.99994
932.8	0.99994
933.0	0.99994
933.2	0.99994
933.4	0.99994
933.6	0.99994
933.8	0.99994
934.0	0.99994
934.2	0.99994
934.4	0.99994
934.6	0.99994
934.8	0.99994
935.0	0.99994
935.2	0.99993
935.4	0.99993
935.6	0.99993
935.8	0.99993
936.0	0.99993
936.2	0.99993
936.4	0.99993
936.6	0.99993
936.8	0.99993
937.0	0.99992
937.2	0.99992
937.4	0.99992
937.6	0.99992
937.8	0.99992
938.0	0.99992
938.2	0.99991
938.4	0.99991
938.6	0.99991
938.8	0.99991
939.0	0.9999
939.2	0.9999
939.4	0.9999
939.6	0.99989
939.8	0.99989
940.0	0.99989
940.2	0.99989
940.4	0.99988
940.6	0.99988
940.8	0.99988
941.0	0.99987
941.2	0.99987
941.4	0.99986
941.6	0.99986
941.8	0.99986
942.0	0.99985
942.2	0.99985
942.4	0.99985
942.6	0.99984
942.8	0.99984
943.0	0.99984
943.2	0.99983
943.4	0.99983
943.6	0.99983
943.8	0.99983
944.0	0.99983
944.2	0.99983
944.4	0.99983
944.6	0.99983
944.8	0.99982
945.0	0.99982
945.2	0.99983
945.4	0.99983
945.6	0.99983
945.8	0.99983
946.0	0.99983
946.2	0.99984
946.4	0.99984
946.6	0.99985
946.8	0.99985
947.0	0.99985
947.2	0.99986
947.4	0.99986
947.6	0.99987
947.8	0.99987
948.0	0.99988
948.2	0.99988
948.4	0.99989
948.6	0.99989
948.8	0.9999
949.0	0.9999
949.2	0.9999
949.4	0.99991
949.6	0.99991
949.8	0.99991
950.0	0.99992
950.2	0.99992
950.4	0.99992
950.6	0.99993
950.8	0.99993
951.0	0.99993
951.2	0.99993
951.4	0.99994
951.6	0.99994
951.8	0.99994
952.0	0.99994
952.2	0.99994
952.4	0.99994
952.6	0.99995
952.8	0.99995
953.0	0.99995
953.2	0.99995
953.4	0.99995
953.6	0.99995
953.8	0.99995
954.0	0.99995
954.2	0.99995
954.4	0.99995
954.6	0.99995
954.8	0.99995
955.0	0.99995
955.2	0.99995
955.4	0.99995
955.6	0.99995
955.8	0.99995
956.0	0.99995
956.2	0.99995
956.4	0.99995
956.6	0.99995
956.8	0.99995
957.0	0.99995
957.2	0.99995
957.4	0.99995
957.6	0.99995
957.8	0.99995
958.0	0.99995
958.2	0.99995
958.4	0.99995
958.6	0.99995
958.8	0.99995
959.0	0.99995
959.2	0.99994
959.4	0.99994
959.6	0.99994
959.8	0.99994
960.0	0.99994
960.2	0.99994
960.4	0.99993
960.6	0.99993
960.8	0.99993
961.0	0.99993
961.2	0.99992
961.4	0.99992
961.6	0.99992
961.8	0.99992
962.0	0.99991
962.2	0.99991
962.4	0.99991
962.6	0.9999
962.8	0.9999
963.0	0.9999
963.2	0.99989
963.4	0.99989
963.6	0.99988
963.8	0.99988
964.0	0.99988
964.2	0.99987
964.4	0.99987
964.6	0.99987
964.8	0.99986
965.0	0.99986
965.2	0.99986
965.4	0.99986
965.6	0.99985
965.8	0.99985
966.0	0.99985
966.2	0.99985
966.4	0.99985
966.6	0.99985
966.8	0.99985
967.0	0.99985
967.2	0.99985
967.4	0.99985
967.6	0.99985
967.8	0.99985
968.0	0.99985
968.2	0.99986
968.4	0.99986
968.6	0.99986
968.8	0.99986
969.0	0.99986
969.2	0.99987
969.4	0.99987
969.6	0.99987
969.8	0.99987
970.0	0.99988
970.2	0.99988
970.4	0.99988
970.6	0.99988
970.8	0.99989
971.0	0.99989
971.2	0.99989
971.4	0.99989
971.6	0.99989
971.8	0.9999
972.0	0.9999
972.2	0.9999
972.4	0.9999
972.6	0.9999
972.8	0.99991
973.0	0.99991
973.2	0.99991
973.4	0.99991
973.6	0.99991
973.8	0.99991
974.0	0.99991
974.2	0.99992
974.4	0.99992
974.6	0.99992
974.8	0.99992
975.0	0.99992
975.2	0.99992
975.4	0.99992
975.6	0.99992
975.8	0.99992
976.0	0.99993
976.2	0.99993
976.4	0.99993
976.6	0.99993
976.8	0.99993
977.0	0.99993
977.2	0.99993
977.4	0.99993
977.6	0.99993
977.8	0.99993
978.0	0.99993
978.2	0.99993
978.4	0.99993
978.6	0.99993
978.8	0.99993
979.0	0.99993
979.2	0.99993
979.4	0.99993
979.6	0.99993
979.8	0.99993
980.0	0.99993
980.2	0.99993
980.4	0.99992
980.6	0.99992
980.8	0.99992
981.0	0.99992
981.2	0.99992
981.4	0.99992
981.6	0.99992
981.8	0.99992
982.0	0.99992
982.2	0.99992
982.4	0.99991
982.6	0.99991
982.8	0.99991
983.0	0.99991
983.2	0.99991
983.4	0.99991
983.6	0.99991
983.8	0.9999
984.0	0.9999
984.2	0.9999
984.4	0.9999
984.6	0.9999
984.8	0.9999
985.0	0.9999
985.2	0.9999
985.4	0.9999
985.6	0.9999
985.8	0.9999
986.0	0.9999
986.2	0.9999
986.4	0.9999
986.6	0.9999
986.8	0.99991
987.0	0.99991
987.2	0.99991
987.4	0.99991
987.6	0.99991
987.8	0.99991
988.0	0.99992
988.2	0.99992
988.4	0.99992
988.6	0.99992
988.8	0.99992
989.0	0.99993
989.2	0.99993
989.4	0.99993
989.6	0.99993
989.8	0.99993
990.0	0.99994
990.2	0.99994
990.4	0.99994
990.6	0.99994
990.8	0.99994
991.0	0.99994
991.2	0.99994
991.4	0.99995
991.6	0.99995
991.8	0.99995
992.0	0.99995
992.2	0.99995
992.4	0.99995
992.6	0.99995
992.8	0.99995
993.0	0.99995
993.2	0.99995
993.4	0.99995
993.6	0.99995
993.8	0.99995
994.0	0.99995
994.2	0.99995
994.4	0.99995
994.6	0.99995
994.8	0.99995
995.0	0.99995
995.2	0.99995
995.4	0.99995
995.6	0.99995
995.8	0.99995
996.0	0.99995
996.2	0.99995
996.4	0.99995
996.6	0.99995
996.8	0.99995
997.0	0.99995
997.2	0.99995
997.4	0.99995
997.6	0.99995
997.8	0.99995
998.0	0.99995
998.2	0.99994
998.4	0.99994
998.6	0.99994
998.8	0.99994
999.0	0.99994
999.2	0.99994
999.4	0.99994
999.6	0.99993
999.8	0.99993
1000.0	0.99993
1000.2	0.99993
1000.4	0.99992
1000.6	0.99992
1000.8	0.99992
1001.0	0.99992
1001.2	0.99991
1001.4	0.99991
1001.6	0.99991
1001.8	0.9999
1002.0	0.9999
1002.2	0.99989
1002.4	0.99989
1002.6	0.99989
1002.8	0.99988
1003.0	0.99988
1003.2	0.99987
1003.4	0.99987
1003.6	0.99986
1003.8	0.99986
1004.0	0.99985
1004.2	0.99985
1004.4	0.99984
1004.6	0.99984
1004.8	0.99984
1005.0	0.99983
1005.2	0.99983
1005.4	0.99982
1005.6	0.99982
1005.8	0.99982
1006.0	0.99982
1006.2	0.99981
1006.4	0.99981
1006.6	0.99981
1006.8	0.99981
1007.0	0.99981
1007.2	0.99981
1007.4	0.99982
1007.6	0.99982
1007.8	0.99982
1008.0	0.99982
1008.2	0.99983
1008.4	0.99983
1008.6	0.99983
1008.8	0.99984
1009.0	0.99984
1009.2	0.99985
1009.4	0.99985
1009.6	0.99986
1009.8	0.99986
1010.0	0.99986
1010.2	0.99987
1010.4	0.99987
1010.6	0.99988
1010.8	0.99988
1011.0	0.99988
1011.2	0.99989
1011.4	0.99989
1011.6	0.9999
1011.8	0.9999
1012.0	0.9999
1012.2	0.99991
1012.4	0.99991
1012.6	0.99991
1012.8	0.99991
1013.0	0.99992
1013.2	0.99992
1013.4	0.99992
1013.6	0.99992
1013.8	0.99993
1014.0	0.99993
1014.2	0.99993
1014.4	0.99993
1014.6	0.99993
1014.8	0.99993
1015.0	0.99994
1015.2	0.99994
1015.4	0.99994
1015.6	0.99994
1015.8	0.99994
1016.0	0.99994
1016.2	0.99994
1016.4	0.99994
1016.6	0.99994
1016.8	0.99994
1017.0	0.99995
1017.2	0.99995
1017.4	0.99995
1017.6	0.99995
1017.8	0.99995
1018.0	0.99995
1018.2	0.99995
1018.4	0.99995
1018.6	0.99995
1018.8	0.99995
1019.0	0.99995
1019.2	0.99995
1019.4	0.99995
1019.6	0.99995
1019.8	0.99995
1020.0	0.99995
1020.2	0.99995
1020.4	0.99995
1020.6	0.99995
1020.8	0.99995
1021.0	0.99994
1021.2	0.99994
1021.4	0.99994
1021.6	0.99994
1021.8	0.99994
1022.0	0.99994
1022.2	0.99994
1022.4	0.99994
1022.6	0.99994
1022.8	0.99994
1023.0	0.99994
1023.2	0.99993
1023.4	0.99993
1023.6	0.99993
1023.8	0.99993
1024.0	0.99993
1024.2	0.99993
1024.4	0.99993
1024.6	0.99992
1024.8	0.99992
1025.0	0.99992
1025.2	0.99992
1025.4	0.99992
1025.6	0.99992
1025.8	0.99992
1026.0	0.99992
1026.2	0.99992
1026.4	0.99992
1026.6	0.99992
1026.8	0.99992
1027.0	0.99991
1027.2	0.99992
1027.4	0.99992
1027.6	0.99992
1027.8	0.99992
1028.0	0.99992
1028.2	0.99992
1028.4	0.99992
1028.6	0.99992
1028.8	0.99992
1029.0	0.99992
1029.2	0.99993
1029.4	0.99993
1029.6	0.99993
1029.8	0.99993
1030.0	0.99993
1030.2	0.99993
1030.4	0.99994
1030.6	0.99994
1030.8	0.99994
1031.0	0.99994
1031.2	0.99994
1031.4	0.99994
1031.6	0.99995
1031.8	0.99995
1032.0	0.99995
1032.2	0.99995
1032.4	0.99995
1032.6	0.99995
1032.8	0.99995
1033.0	0.99995
1033.2	0.99995
1033.4	0.99995
1033.6	0.99996
1033.8	0.99996
1034.0	0.99996
1034.2	0.99996
1034.4	0.99996
1034.6	0.99996
1034.8	0.99996
1035.0	0.99996
1035.2	0.99996
1035.4	0.99996
1035.6	0.99996
1035.8	0.99996
1036.0	0.99996
1036.2	0.99996
1036.4	0.99996
1036.6	0.99996
1036.8	0.99996
1037.0	0.99996
1037.2	0.99996
1037.4	0.99996
1037.6	0.99996
1037.8	0.99996
1038.0	0.99996
1038.2	0.99996
1038.4	0.99996
1038.6	0.99996
1038.8	0.99996
1039.0	0.99995
1039.2	0.99995
1039.4	0.99995
1039.6	0.99995
1039.8	0.99995
1040.0	0.99995
1040.2	0.99995
1040.4	0.99995
1040.6	0.99995
1040.8	0.99994
1041.0	0.99994
1041.2	0.99994
1041.4	0.99994
1041.6	0.99994
1041.8	0.99994
1042.0	0.99993
1042.2	0.99993
1042.4	0.99993
1042.6	0.99993
1042.8	0.99992
1043.0	0.99992
1043.2	0.99992
1043.4	0.99991
1043.6	0.99991
1043.8	0.99991
1044.0	0.99991
1044.2	0.9999
1044.4	0.9999
1044.6	0.99989
1044.8	0.99989
1045.0	0.99989
1045.2	0.99988
1045.4	0.99988
1045.6	0.99987
1045.8	0.99987
1046.0	0.99986
1046.2	0.99986
1046.4	0.99986
1046.6	0.99985
1046.8	0.99985
1047.0	0.99984
1047.2	0.99984
1047.4	0.99984
1047.6	0.99984
1047.8	0.99983
1048.0	0.99983
1048.2	0.99983
1048.4	0.99983
1048.6	0.99983
1048.8	0.99983
1049.0	0.99983
1049.2	0.99983
1049.4	0.99983
1049.6	0.99983
1049.8	0.99984
1050.0	0.99984
1050.2	0.99984
1050.4	0.99984
1050.6	0.99985
1050.8	0.99985
1051.0	0.99985
1051.2	0.99986
1051.4	0.99986
1051.6	0.99986
1051.8	0.99987
1052.0	0.99987
1052.2	0.99987
1052.4	0.99988
1052.6	0.99988
1052.8	0.99988
1053.0	0.99989
1053.2	0.99989
1053.4	0.99989
1053.6	0.99989
1053.8	0.9999
1054.0	0.9999
1054.2	0.9999
1054.4	0.9999
1054.6	0.99991
1054.8	0.99991
1055.0	0.99991
1055.2	0.99991
1055.4	0.99991
1055.6	0.99992
1055.8	0.99992
1056.0	0.99992
1056.2	0.99992
1056.4	0.99992
1056.6	0.99992
1056.8	0.99993
1057.0	0.99993
1057.2	0.99993
1057.4	0.99993
1057.6	0.99993
1057.8	0.99993
1058.0	0.99993
1058.2	0.99993
1058.4	0.99993
1058.6	0.99993
1058.8	0.99993
1059.0	0.99994
1059.2	0.99994
1059.4	0.99994
1059.6	0.99994
1059.8	0.99994
1060.0	0.99994
1060.2	0.99994
1060.4	0.99994
1060.6	0.99994
1060.8	0.99994
1061.0	0.99994
1061.2	0.99994
1061.4	0.99994
1061.6	0.99994
1061.8	0.99994
1062.0	0.99994
1062.2	0.99994
1062.4	0.99994
1062.6	0.99994
1062.8	0.99993
1063.0	0.99993
1063.2	0.99993
1063.4	0.99993
1063.6	0.99993
1063.8	0.99993
1064.0	0.99993
1064.2	0.99993
1064.4	0.99993
1064.6	0.99993
1064.8	0.99993
1065.0	0.99993
1065.2	0.99992
1065.4	0.99992
1065.6	0.99992
1065.8	0.99992
1066.0	0.99992
1066.2	0.99992
1066.4	0.99992
1066.6	0.99992
1066.8	0.99991
1067.0	0.99991
1067.2	0.99991
1067.4	0.99991
1067.6	0.99991
1067.8	0.99991
1068.0	0.99991
1068.2	0.99991
1068.4	0.99991
1068.6	0.99991
1068.8	0.99991
1069.0	0.99991
1069.2	0.99991
1069.4	0.99991
1069.6	0.99991
1069.8	0.99991
1070.0	0.99992
1070.2	0.99992
1070.4	0.99992
1070.6	0.99992
1070.8	0.99992
1071.0	0.99992
1071.2	0.99993
1071.4	0.99993
1071.6	0.99993
1071.8	0.99993
1072.0	0.99994
1072.2	0.99994
1072.4	0.99994
1072.6	0.99994
1072.8	0.99994
1073.0	0.99995
1073.2	0.99995
1073.4	0.99995
1073.6	0.99995
1073.8	0.99995
1074.0	0.99995
1074.2	0.99995
1074.4	0.99996
1074.6	0.99996
1074.8	0.99996
1075.0	0.99996
1075.2	0.99996
1075.4	0.99996
1075.6	0.99996
1075.8	0.99996
1076.0	0.99996
1076.2	0.99997
1076.4	0.99997
1076.6	0.99997
1076.8	0.99997
1077.0	0.99997
1077.2	0.99997
1077.4	0.99997
1077.6	0.99997
1077.8	0.99997
1078.0	0.99997
1078.2	0.99997
1078.4	0.99997
1078.6	0.99997
1078.8	0.99997
1079.0	0.99997
1079.2	0.99997
1079.4	0.99997
1079.6	0.99997
1079.8	0.99997
1080.0	0.99997
1080.2	0.99997
1080.4	0.99997
1080.6	0.99997
1080.8	0.99997
1081.0	0.99997
1081.2	0.99997
1081.4	0.99997
1081.6	0.99997
1081.8	0.99997
1082.0	0.99997
1082.2	0.99997
1082.4	0.99997
1082.6	0.99997
1082.8	0.99997
1083.0	0.99997
1083.2	0.99997
1083.4	0.99997
1083.6	0.99997
1083.8	0.99997
1084.0	0.99996
1084.2	0.99996
1084.4	0.99996
1084.6	0.99996
1084.8	0.99996
1085.0	0.99996
1085.2	0.99996
1085.4	0.99996
1085.6	0.99996
1085.8	0.99996
1086.0	0.99995
1086.2	0.99995
1086.4	0.99995
1086.6	0.99995
1086.8	0.99995
1087.0	0.99995
1087.2	0.99995
1087.4	0.99994
1087.6	0.99994
1087.8	0.99994
1088.0	0.99994
1088.2	0.99994
1088.4	0.99993
1088.6	0.99993
1088.8	0.99993
1089.0	0.99993
1089.2	0.99993
1089.4	0.99993
1089.6	0.99993
1089.8	0.99992
1090.0	0.99992
1090.2	0.99992
1090.4	0.99992
1090.6	0.99992
1090.8	0.99992
1091.0	0.99992
1091.2	0.99992
1091.4	0.99992
1091.6	0.99992
1091.8	0.99992
1092.0	0.99992
1092.2	0.99992
1092.4	0.99992
1092.6	0.99993
1092.8	0.99993
1093.0	0.99993
1093.2	0.99993
1093.4	0.99993
1093.6	0.99993
1093.8	0.99993
1094.0	0.99993
1094.2	0.99994
1094.4	0.99994
1094.6	0.99994
1094.8	0.99994
1095.0	0.99994
1095.2	0.99994
1095.4	0.99994
1095.6	0.99994
1095.8	0.99994
1096.0	0.99994
1096.2	0.99995
1096.4	0.99995
1096.6	0.99995
1096.8	0.99995
1097.0	0.99995
1097.2	0.99995
1097.4	0.99995
1097.6	0.99995
1097.8	0.99995
1098.0	0.99995
1098.2	0.99995
1098.4	0.99995
1098.6	0.99995
1098.8	0.99995
1099.0	0.99995
1099.2	0.99995
1099.4	0.99995
1099.6	0.99995
1099.8	0.99995
1100.0	0.99995
1100.2	0.99995
1100.4	0.99995
1100.6	0.99995
1100.8	0.99995
1101.0	0.99995
1101.2	0.99995
1101.4	0.99995
1101.6	0.99995
1101.8	0.99995
1102.0	0.99995
1102.2	0.99995
1102.4	0.99995
1102.6	0.99994
1102.8	0.99994
1103.0	0.99994
1103.2	0.99994
1103.4	0.99994
1103.6	0.99994
1103.8	0.99994
1104.0	0.99994
1104.2	0.99993
1104.4	0.99993
1104.6	0.99993
1104.8	0.99993
1105.0	0.99993
1105.2	0.99993
1105.4	0.99992
1105.6	0.99992
1105.8	0.99992
1106.0	0.99992
1106.2	0.99991
1106.4	0.99991
1106.6	0.99991
1106.8	0.9999
1107.0	0.9999
1107.2	0.9999
1107.4	0.99989
1107.6	0.99989
1107.8	0.99989
1108.0	0.99988
1108.2	0.99988
1108.4	0.99987
1108.6	0.99987
1108.8	0.99986
1109.0	0.99986
1109.2	0.99986
1109.4	0.99985
1109.6	0.99985
1109.8	0.99984
1110.0	0.99984
1110.2	0.99983
1110.4	0.99983
1110.6	0.99982
1110.8	0.99982
1111.0	0.99982
1111.2	0.99981
1111.4	0.99981
1111.6	0.99981
1111.8	0.99981
1112.0	0.99981
1112.2	0.99981
1112.4	0.99981
1112.6	0.99981
1112.8	0.99981
1113.0	0.99981
1113.2	0.99981
1113.4	0.99981
1113.6	0.99982
1113.8	0.99982
1114.0	0.99982
1114.2	0.99982
1114.4	0.99983
1114.6	0.99983
1114.8	0.99984
1115.0	0.99984
1115.2	0.99985
1115.4	0.99985
1115.6	0.99985
1115.8	0.99986
1116.0	0.99986
1116.2	0.99987
1116.4	0.99987
1116.6	0.99987
1116.8	0.99988
1117.0	0.99988
1117.2	0.99989
1117.4	0.99989
1117.6	0.99989
1117.8	0.9999
1118.0	0.9999
1118.2	0.9999
1118.4	0.9999
1118.6	0.99991
1118.8	0.99991
1119.0	0.99991
1119.2	0.99991
1119.4	0.99992
1119.6	0.99992
1119.8	0.99992
1120.0	0.99992
1120.2	0.99992
1120.4	0.99993
1120.6	0.99993
1120.8	0.99993
1121.0	0.99993
1121.2	0.99993
1121.4	0.99993
1121.6	0.99993
1121.8	0.99994
1122.0	0.99994
1122.2	0.99994
1122.4	0.99994
1122.6	0.99994
1122.8	0.99994
1123.0	0.99994
1123.2	0.99994
1123.4	0.99994
1123.6	0.99994
1123.8	0.99994
1124.0	0.99994
1124.2	0.99994
1124.4	0.99994
1124.6	0.99994
1124.8	0.99994
1125.0	0.99994
1125.2	0.99994
1125.4	0.99994
1125.6	0.99994
1125.8	0.99994
1126.0	0.99994
1126.2	0.99994
1126.4	0.99994
1126.6	0.99994
1126.8	0.99994
1127.0	0.99994
1127.2	0.99994
1127.4	0.99994
1127.6	0.99994
1127.8	0.99994
1128.0	0.99994
1128.2	0.99994
1128.4	0.99994
1128.6	0.99994
1128.8	0.99994
1129.0	0.99993
1129.2	0.99993
1129.4	0.99993
1129.6	0.99993
1129.8	0.99993
1130.0	0.99993
1130.2	0.99993
1130.4	0.99993
1130.6	0.99993
1130.8	0.99992
1131.0	0.99992
1131.2	0.99992
1131.4	0.99992
1131.6	0.99992
1131.8	0.99992
1132.0	0.99992
1132.2	0.99992
1132.4	0.99992
1132.6	0.99992
1132.8	0.99992
1133.0	0.99992
1133.2	0.99992
1133.4	0.99992
1133.6	0.99992
1133.8	0.99992
1134.0	0.99992
1134.2	0.99992
1134.4	0.99992
1134.6	0.99992
1134.8	0.99992
1135.0	0.99992
1135.2	0.99993
1135.4	0.99993
1135.6	0.99993
1135.8	0.99993
1136.0	0.99993
1136.2	0.99993
1136.4	0.99994
1136.6	0.99994
1136.8	0.99994
1137.0	0.99994
1137.2	0.99994
1137.4	0.99995
1137.6	0.99995
1137.8	0.99995
1138.0	0.99995
1138.2	0.99995
1138.4	0.99995
1138.6	0.99996
1138.8	0.99996
1139.0	0.99996
1139.2	0.99996
1139.4	0.99996
1139.6	0.99996
1139.8	0.99996
1140.0	0.99997
1140.2	0.99997
1140.4	0.99997
1140.6	0.99997
1140.8	0.99997
1141.0	0.99997
1141.2	0.99997
1141.4	0.99997
1141.6	0.99997
1141.8	0.99997
1142.0	0.99997
1142.2	0.99997
1142.4	0.99997
1142.6	0.99997
1142.8	0.99998
1143.0	0.99998
1143.2	0.99998
1143.4	0.99998
1143.6	0.99998
1143.8	0.99998
1144.0	0.99998
1144.2	0.99998
1144.4	0.99998
1144.6	0.99998
1144.8	0.99998
1145.0	0.99998
1145.2	0.99998
1145.4	0.99998
1145.6	0.99998
1145.8	0.99998
1146.0	0.99998
1146.2	0.99998
1146.4	0.99998
1146.6	0.99998
1146.8	0.99998
1147.0	0.99998
1147.2	0.99998
1147.4	0.99998
1147.6	0.99998
1147.8	0.99998
1148.0	0.99998
1148.2	0.99998
1148.4	0.99998
1148.6	0.99998
1148.8	0.99998
1149.0	0.99998
1149.2	0.99998
1149.4	0.99998
1149.6	0.99997
1149.8	0.99997
1150.0	0.99997
1150.2	0.99997
1150.4	0.99997
1150.6	0.99997
1150.8	0.99997
1151.0	0.99997
1151.2	0.99997
1151.4	0.99997
1151.6	0.99997
1151.8	0.99997
1152.0	0.99997
1152.2	0.99997
1152.4	0.99997
1152.6	0.99997
1152.8	0.99996
1153.0	0.99996
1153.2	0.99996
1153.4	0.99996
1153.6	0.99996
1153.8	0.99996
1154.0	0.99996
1154.2	0.99996
1154.4	0.99996
1154.6	0.99996
1154.8	0.99996
1155.0	0.99996
1155.2	0.99996
1155.4	0.99996
1155.6	0.99996
1155.8	0.99996
1156.0	0.99996
1156.2	0.99996
1156.4	0.99996
1156.6	0.99996
1156.8	0.99996
1157.0	0.99996
1157.2	0.99996
1157.4	0.99996
1157.6	0.99996
1157.8	0.99996
1158.0	0.99996
1158.2	0.99996
1158.4	0.99996
1158.6	0.99996
1158.8	0.99996
1159.0	0.99997
1159.2	0.99997
1159.4	0.99997
1159.6	0.99997
1159.8	0.99997
1160.0	0.99997
1160.2	0.99997
1160.4	0.99997
1160.6	0.99997
1160.8	0.99997
1161.0	0.99997
1161.2	0.99997
1161.4	0.99998
1161.6	0.99998
1161.8	0.99998
1162.0	0.99998
1162.2	0.99998
1162.4	0.99998
1162.6	0.99998
1162.8	0.99998
1163.0	0.99998
1163.2	0.99998
1163.4	0.99998
1163.6	0.99998
1163.8	0.99998
1164.0	0.99998
1164.2	0.99998
1164.4	0.99998
1164.6	0.99998
1164.8	0.99998
1165.0	0.99998
1165.2	0.99998
1165.4	0.99998
1165.6	0.99998
1165.8	0.99998
1166.0	0.99998
1166.2	0.99998
1166.4	0.99998
1166.6	0.99998
1166.8	0.99998
1167.0	0.99998
1167.2	0.99998
1167.4	0.99998
1167.6	0.99998
1167.8	0.99998
1168.0	0.99998
1168.2	0.99998
1168.4	0.99998
1168.6	0.99998
1168.8	0.99998
1169.0	0.99998
1169.2	0.99998
1169.4	0.99998
1169.6	0.99998
1169.8	0.99998
1170.0	0.99998
1170.2	0.99998
1170.4	0.99998
1170.6	0.99998
1170.8	0.99998
1171.0	0.99998
1171.2	0.99998
1171.4	0.99998
1171.6	0.99998
1171.8	0.99998
1172.0	0.99998
1172.2	0.99998
1172.4	0.99998
1172.6	0.99998
1172.8	0.99998
1173.0	0.99998
1173.2	0.99997
1173.4	0.99997
1173.6	0.99997
1173.8	0.99997
1174.0	0.99997
1174.2	0.99997
1174.4	0.99997
1174.6	0.99997
1174.8	0.99997
1175.0	0.99997
1175.2	0.99997
1175.4	0.99997
1175.6	0.99997
1175.8	0.99996
1176.0	0.99996
1176.2	0.99996
1176.4	0.99996
1176.6	0.99996
1176.8	0.99996
1177.0	0.99996
1177.2	0.99996
1177.4	0.99996
1177.6	0.99996
1177.8	0.99996
1178.0	0.99996
1178.2	0.99996
1178.4	0.99996
1178.6	0.99996
1178.8	0.99996
1179.0	0.99996
1179.2	0.99996
1179.4	0.99996
1179.6	0.99996
1179.8	0.99996
1180.0	0.99996
1180.2	0.99996
1180.4	0.99996
1180.6	0.99996
1180.8	0.99996
1181.0	0.99996
1181.2	0.99996
1181.4	0.99996
1181.6	0.99997
1181.8	0.99997
1182.0	0.99997
1182.2	0.99997
1182.4	0.99997
1182.6	0.99997
1182.8	0.99997
1183.0	0.99997
1183.2	0.99997
1183.4	0.99997
1183.6	0.99997
1183.8	0.99997
1184.0	0.99997
1184.2	0.99997
1184.4	0.99997
1184.6	0.99998
1184.8	0.99998
1185.0	0.99998
1185.2	0.99998
1185.4	0.99998
1185.6	0.99998
1185.8	0.99998
1186.0	0.99998
1186.2	0.99998
1186.4	0.99998
1186.6	0.99998
1186.8	0.99998
1187.0	0.99998
1187.2	0.99998
1187.4	0.99998
1187.6	0.99998
1187.8	0.99998
1188.0	0.99998
1188.2	0.99998
1188.4	0.99998
1188.6	0.99998
1188.8	0.99998
1189.0	0.99998
1189.2	0.99998
1189.4	0.99998
1189.6	0.99998
1189.8	0.99998
1190.0	0.99998
1190.2	0.99998
1190.4	0.99998
1190.6	0.99998
1190.8	0.99998
1191.0	0.99998
1191.2	0.99998
1191.4	0.99998
1191.6	0.99998
1191.8	0.99998
1192.0	0.99998
1192.2	0.99998
1192.4	0.99998
1192.6	0.99998
1192.8	0.99998
1193.0	0.99998
1193.2	0.99998
1193.4	0.99997
1193.6	0.99997
1193.8	0.99997
1194.0	0.99997
1194.2	0.99997
1194.4	0.99997
1194.6	0.99997
1194.8	0.99997
1195.0	0.99997
1195.2	0.99997
1195.4	0.99997
1195.6	0.99997
1195.8	0.99997
1196.0	0.99996
1196.2	0.99996
1196.4	0.99996
1196.6	0.99996
1196.8	0.99996
1197.0	0.99996
1197.2	0.99996
1197.4	0.99996
1197.6	0.99996
1197.8	0.99995
1198.0	0.99995
1198.2	0.99995
1198.4	0.99995
1198.6	0.99995
1198.8	0.99995
1199.0	0.99995
1199.2	0.99994
1199.4	0.99994
1199.6	0.99994
1199.8	0.99994
1200.0	0.99994
